21
19
18
12
24
30
43
33
36
40
14
10
15
22
13
8
8
8
8
18
11
10
8
11
6
9
12
10
6
30
23
29
26
27
22
24
29
31
21
8
11
7
7
9
8
8
7
10
7
6
9
9
8
8
9
7
13
8
11
9
9
7
11
10
13
12
9
7
7
9
9
8
7
9
22
23
24
27
29
26
27
33
25
20
23
18
20
20
17
18
18
13
4
6
5
4
4
6
6
6
5
5
7
6
5
5
5
6
6
5
5
4
4
5
5
5
8
7
5
4
4
6
6
10
4
4
6
6
6
5
5
6
6
5
5
5
7
9
6
5
5
6
6
5
5
5
8
7
5
5
8
7
7
6
6
19
17
21
19
18
19
17
21
18
19
20
18
19
20
24
18
21
20
20
19
18
22
20
20
19
18
21
19
19
17
6
6
5
5
7
7
6
7
5
8
6
6
6
7
6
6
6
6
5
6
6
6
7
7
6
5
5
6
8
5
6
7
8
7
6
6
7
8
6
6
7
9
6
6
9
8
6
6
6
7
8
8
7
6
10
7
7
6
8
8
7
6
8
9
7
6
7
8
7
7
6
9
10
7
8
8
9
7
12
9
10
10
7
7
7
14
11
9
8
10
9
8
7
8
10
7
8
8
10
7
10
10
7
8
10
10
11
29
27
27
25
24
27
26
24
24
26
25
25
24
24
26
26
23
26
28
26
26
26
25
31
26
26
28
26
31
25
25
28
30
28
29
31
28
27
30
78
57
47
36
36
32
34
31
39
32
8
10
14
14
34
18
23
19
36
27
54
31
28
47
40
28
28
22
36
20
14
22
18
20
19
15
26
35
37
65
27
29
45
27
23
33
32
35
30
25
20
13
16
40
26
26
108
56
32
77
59
36
43
63
33
32
33
39
35
41
34
25
35
31
32
25
22
22
37
22
20
18
17
22
22
44
31
32
44
21
20
16
13
33
30
20
54
38
36
14
17
16
16
11
16
16
15
12
14
15
28
28
50
23
11
15
15
21
15
13
18
14
19
11
16
13
15
10
22
15
14
11
12
17
13
11
26
26
30
36
42
22
27
22
43
50
51
32
35
50
27
38
42
39
47
49
42
39
45
39
52
32
50
45
29
31
37
65
31
35
