625
429
213
187
280
173
177
152
115
127
140
169
193
123
98
84
83
73
88
95
90
128
106
102
100
74
113
114
125
170
167
139
126
107
120
153
103
125
119
212
156
136
154
175
243
203
172
182
185
132
136
139
167
160
157
159
126
125
107
111
100
92
83
86
81
155
470
432
349
255
248
225
207
235
338
282
288
200
208
187
199
169
169
186
174
206
209
208
218
215
245
219
178
198
197
198
209
201
195
194
234
178
174
172
175
202
209
351
213
205
218
190
175
152
200
189
192
388
593
335
577
314
235
393
392
350
456
459
334
175
354
314
322
342
459
456
759
484
516
330
402
447
318
286
240
258
270
262
224
240
277
287
246
266
472
453
389
408
288
286
486
449
511
298
469
250
598
360
266
383
511
296
333
323
365
279
270
298
349
338
323
423
332
346
302
323
293
294
264
489
321
336
330
318
302
331
304
381
289
291
307
306
294
316
305
378
260
277
301
375
484
309
309
310
335
314
318
350
335
306
322
330
342
312
302
306
369
359
322
309
321
344
320
306
278
285
249
308
300
309
293
296
310
271
340
321
286
287
280
324
293
283
289
324
385
400
396
325
583
463
432
348
448
337
296
324
318
250
257
260
252
241
350
394
374
366
339
286
260
240
228
267
294
369
299
325
411
374
346
325
359
377
282
403
357
300
306
366
319
312
321
318
306
303
314
318
300
308
311
265
245
263
247
334
291
266
263
297
264
312
374
359
285
280
265
278
345
604
274
265
251
258
271
253
313
347
261
268
285
269
280
273
300
382
256
271
270
290
265
290
319
343
424
360
297
306
323
281
312
337
358
358
378
359
316
289
295
420
294
290
312
305
298
304
301
491
255
194
228
440
673
737
559
316
234
272
309
269
246
205
244
235
308
285
279
316
312
349
302
299
277
345
331
312
273
204
186
169
184
175
195
199
196
193
306
465
327
597
564
208
178
393
770
613
407
350
361
346
329
405
358
351
446
575
443
923
271
241
192
165
181
193
178
192
257
387
282
233
931
665
494
310
236
271
242
422
347
564
345
363
336
356
342
347
313
312
331
312
298
333
306
317
272
421
313
343
355
917
494
331
318
572
356
649
519
500
404
478
368
321
316
397
364
417
390
405
349
337
322
349
333
